[gd_scene load_steps=4 format=2]

[ext_resource path="res://objects/characters/Player/Player.tscn" type="PackedScene" id=1]
[ext_resource path="res://assets/scripts/characters/player/Race/Player_Earthpony.cs" type="Script" id=2]

[sub_resource type="AnimationNodeStateMachinePlayback" id=1]

[node name="Player" instance=ExtResource( 1 )]
script = ExtResource( 2 )

[node name="Skeleton" parent="player_body/Armature" index="0"]
bones/0/bound_children = [  ]
bones/3/bound_children = [  ]

[node name="Physical Bone back_1" parent="player_body/Armature/Skeleton" index="0"]
transform = Transform( 1, -5.27621e-17, 4.73029e-17, -3.65965e-17, 0.187063, 0.982346, -6.06795e-17, -0.982346, 0.187063, 8.27488e-18, 0.612737, -0.190425 )
joint_offset = Transform( 1, 0, 0, 0, 1, 0, 0, 0, 1, 3.48818e-17, -0.284132, -0.388925 )
body_offset = Transform( 1, 7.9176e-18, 8.39011e-17, -8.25405e-17, 0.292822, 0.956165, -1.69975e-17, -0.956165, 0.292822, -8.99973e-22, 0.455077, -0.157791 )

[node name="Physical Bone back_2" parent="player_body/Armature/Skeleton" index="1"]
transform = Transform( 0.99998, -1.87597e-09, 2.45016e-07, 2.38694e-07, -0.218351, -0.975869, 5.53335e-08, 0.975869, -0.21835, -7.76257e-08, 1.47894, -0.0324898 )
joint_offset = Transform( 1, 0, 0, 0, 1, 0, 0, 0, 1, 1.42115e-09, 0.00750834, 0.311076 )
body_offset = Transform( 0.99998, -2.33047e-07, 1.86677e-07, 2.38027e-07, 0.244691, -0.9696, 1.80283e-07, 0.9696, 0.244692, -5.77421e-08, 0.299782, -0.083398 )

[node name="Physical Bone neck" parent="player_body/Armature/Skeleton" index="2"]
transform = Transform( 1, 2.25117e-08, 2.577e-06, 2.9453e-07, -0.994406, -0.105606, 2.5602e-06, 0.105604, -0.994399, -1.11426e-06, 1.98985, 1.84476 )
joint_offset = Transform( 1, 0, 0, 0, 1, 0, 0, 0, 1, -3.07407e-06, 0.00574759, 1.62523 )
body_offset = Transform( 1, -2.52898e-06, 1.97033e-06, 2.50189e-06, 0.23132, -0.972868, 2.00461e-06, 0.972875, 0.23132, -1.13625e-07, 1.5798, -0.381539 )

[node name="Physical Bone leg_1_l" parent="player_body/Armature/Skeleton" index="3"]
transform = Transform( 0.996067, -0.0885976, 3.46113e-08, 0.088353, 0.993318, 0.074239, -0.00657775, -0.0739481, 0.99724, -0.259125, 1.79819, -0.752632 )
joint_offset = Transform( 1, 0, 0, 0, 1, 0, 0, 0, 1, -0.00125106, -0.01407, 0.446926 )
body_offset = Transform( 0.992634, -0.0828152, -0.0884292, -0.0828146, 0.0689428, -0.994177, 0.0884292, 0.994177, 0.0615755, 0.039598, 0.44519, -0.0134211 )

[node name="Physical Bone leg_2_l" parent="player_body/Armature/Skeleton" index="4"]
transform = Transform( 0.988595, -0.114834, 0.0972374, 0.116483, 0.993128, -0.0114235, -0.0952567, 0.0226182, 0.995197, -0.407882, 1.81142, -1.81373 )
joint_offset = Transform( 1, 0, 0, 0, 1, 0, 0, 0, 1, 0.00783016, 0.00692356, 0.876058 )
body_offset = Transform( 0.99447, -0.103755, -0.015129, -0.00427616, 0.104019, -0.994568, 0.104767, 0.989149, 0.103001, 0.00618541, 0.870613, -0.0979037 )

[node name="Physical Bone leg_1_r" parent="player_body/Armature/Skeleton" index="5"]
transform = Transform( 0.996064, 0.0885968, 2.90135e-08, -0.0883896, 0.993733, 0.0684612, 0.00606498, -0.0681901, 0.997656, 0.287082, 1.79372, -0.756679 )
joint_offset = Transform( 1, 0, 0, 0, 1, 0, 0, 0, 1, 0.000653977, -0.0073259, 0.451342 )
body_offset = Transform( 0.992584, 0.0833248, 0.0884594, 0.0833252, 0.0632026, -0.994519, -0.0884594, 0.994519, 0.0557929, -0.0399642, 0.449277, -0.0178381 )

[node name="Physical Bone leg_2_r" parent="player_body/Armature/Skeleton" index="6"]
transform = Transform( 0.993608, 0.112883, 1.09611e-06, -0.111817, 0.98423, -0.137091, -0.0154747, 0.136216, 0.990553, 0.343709, 1.7849, -1.82308 )
joint_offset = Transform( 1, 0, 0, 0, 1, 0, 0, 0, 1, -0.0163449, 0.143869, 0.868969 )
body_offset = Transform( 0.986973, 0.11467, 0.112855, 0.11467, -0.0093407, -0.993354, -0.112854, 0.993362, -0.0223682, -0.098433, 0.866412, -0.125321 )

[node name="Physical Bone b_leg_1_l" parent="player_body/Armature/Skeleton" index="7"]
transform = Transform( 0.989929, -0.141447, 5.87746e-05, 0.141037, 0.987022, -0.076587, 0.0107699, 0.0758305, 0.997032, -0.259928, 0.497917, -0.990142 )
joint_offset = Transform( 1, 0, 0, 0, 1, 0, 0, 0, 1, 0.0143229, 0.0446092, 0.580211 )
body_offset = Transform( 0.981222, -0.131361, -0.141115, -0.131234, 0.0810792, -0.987999, 0.141231, 0.987998, 0.0623208, 0.0736827, 0.571511, -0.0822558 )

[node name="Physical Bone b_leg_2_l" parent="player_body/Armature/Skeleton" index="8"]
transform = Transform( 0.984244, -0.176716, -0.00633616, 0.17463, 0.977011, -0.122289, 0.0278014, 0.11926, 0.992475, -0.366937, 0.54153, -2.04397 )
joint_offset = Transform( 1, 0, 0, 0, 1, 0, 0, 0, 1, 0.0357099, 0.16789, 0.82628 )
body_offset = Transform( 0.948202, -0.299618, -0.10557, -0.299395, -0.731759, -0.612288, 0.1062, 0.612177, -0.783556, 0.103673, 0.639468, 0.540866 )

[node name="Physical Bone b_leg_1_r" parent="player_body/Armature/Skeleton" index="9"]
transform = Transform( 0.989945, 0.141449, 6.20091e-05, -0.140915, 0.986245, -0.0863516, -0.0122749, 0.0854728, 0.996269, 0.279957, 0.494002, -0.985856 )
joint_offset = Transform( 1, 0, 0, 0, 1, 0, 0, 0, 1, -0.0078433, 0.0548379, 0.575103 )
body_offset = Transform( 0.981044, 0.132604, 0.141312, 0.132729, 0.071519, -0.988573, -0.141195, 0.988581, 0.0525624, -0.0808463, 0.565651, -0.0855479 )

[node name="Physical Bone b_leg_2_r" parent="player_body/Armature/Skeleton" index="10"]
transform = Transform( 0.986851, 0.161483, 0.00130986, -0.160218, 0.980092, -0.117243, -0.0202176, 0.115494, 0.993095, 0.394405, 0.542312, -2.04483 )
joint_offset = Transform( 1, 0, 0, 0, 1, 0, 0, 0, 1, -0.0277413, 0.164356, 0.828112 )
body_offset = Transform( 0.953554, 0.282868, 0.103328, 0.284504, -0.733703, -0.61703, -0.0987249, 0.617787, -0.780118, -0.105606, 0.639451, 0.541749 )

[node name="Physical Bone tail_1" parent="player_body/Armature/Skeleton" index="11"]
transform = Transform( 0.999999, -3.95131e-12, 2.38414e-07, -2.30517e-07, 0.255271, 0.966857, -6.08581e-08, -0.966869, 0.255269, 0.0147702, -0.659206, -0.115393 )
joint_offset = Transform( 1, 0, 0, 0, 1, 0, 0, 0, 1, 9.04056e-08, -0.0298505, 0.637074 )
body_offset = Transform( 0.999999, -2.35764e-07, 2.73913e-07, 2.35758e-07, -0.148897, -0.98884, 2.73916e-07, 0.988856, -0.148897, -2.71946e-07, 0.625519, 0.124376 )

[node name="BoneAttachment" parent="player_body/Armature/Skeleton" index="12"]
transform = Transform( 0.99997, 0.00231773, -0.00738808, -0.00769036, 0.186103, -0.9825, -0.00090224, 0.982528, 0.186114, 6.85782e-13, 1.69933, 1.11108 )

[node name="animTree" parent="player_body" index="2"]
parameters/StateMachine/playback = SubResource( 1 )
