[gd_scene load_steps=14 format=2]

[ext_resource path="res://objects/characters/Player/Player.tscn" type="PackedScene" id=1]
[ext_resource path="res://objects/characters/Player/magic/levitation.tscn" type="PackedScene" id=2]
[ext_resource path="res://assets/models/player_variants/empty/third/unicorn.res" type="ArrayMesh" id=3]
[ext_resource path="res://assets/scripts/characters/player/Race/Player_Unicorn.cs" type="Script" id=4]
[ext_resource path="res://assets/materials/magic/shield.tres" type="Material" id=5]
[ext_resource path="res://objects/characters/Player/magic/Particles.tscn" type="PackedScene" id=6]
[ext_resource path="res://assets/scripts/characters/player/Unicorn/UnicornShield.cs" type="Script" id=7]
[ext_resource path="res://assets/audio/magic/shield.wav" type="AudioStream" id=8]
[ext_resource path="res://assets/scripts/characters/player/Unicorn/UnicornLevitation.cs" type="Script" id=9]

[sub_resource type="AnimationNodeStateMachinePlayback" id=1]

[sub_resource type="SphereMesh" id=2]
flip_faces = true

[sub_resource type="SphereMesh" id=3]

[sub_resource type="BoxShape" id=4]
extents = Vector3( 0.269076, 0.256043, 1 )

[node name="Player" instance=ExtResource( 1 )]
script = ExtResource( 4 )

[node name="Skeleton" parent="player_body/Armature" index="0"]
bones/0/bound_children = [ NodePath("BoneAttachment 2") ]
bones/3/bound_children = [ NodePath("BoneAttachment") ]

[node name="BoneAttachment" parent="player_body/Armature/Skeleton" index="0"]
transform = Transform( 1, -2.95586e-12, 2.62261e-06, 2.59534e-06, 0.143813, -0.989605, -3.77164e-07, 0.989605, 0.143812, 9.59341e-13, 1.69933, 1.11108 )

[node name="Particles" parent="player_body/Armature/Skeleton/BoneAttachment/HeadPos" index="0" instance=ExtResource( 6 )]
transform = Transform( 0.999997, -2.18482e-12, 1.06843e-11, -3.02538e-13, 0.997803, 0.0663339, 1.16337e-11, -0.0663356, 0.997803, 3.65617e-09, 0.327877, -0.662469 )
emitting = false

[node name="shotgunBag" parent="player_body/Armature/Skeleton/BoneAttachment 2" index="0"]
visible = false

[node name="Body_third" parent="player_body/Armature/Skeleton" index="3"]
mesh = ExtResource( 3 )
material/2 = null

[node name="Physical Bone back_1" parent="player_body/Armature/Skeleton" index="5"]
transform = Transform( 1, -5.27624e-17, 4.73031e-17, -3.65983e-17, 0.187063, 0.982347, -6.06797e-17, -0.982347, 0.187063, 8.27578e-18, 0.612735, -0.190424 )
joint_offset = Transform( 1, 0, 0, 0, 1, 0, 0, 0, 1, 3.48809e-17, -0.284131, -0.388924 )
body_offset = Transform( 1, 7.91727e-18, 8.39014e-17, -8.25422e-17, 0.292822, 0.956166, -1.69979e-17, -0.956166, 0.292822, -9.92617e-23, 0.455075, -0.157791 )

[node name="Physical Bone back_2" parent="player_body/Armature/Skeleton" index="6"]
transform = Transform( 1, 5.19909e-14, 2.38418e-07, 2.34577e-07, -0.178799, -0.983885, 4.26294e-08, 0.983885, -0.178799, -9.16702e-08, 1.48114, -0.0448555 )
joint_offset = Transform( 1, 0, 0, 0, 1, 0, 0, 0, 1, 1.75021e-08, 0.00751174, 0.311084 )
body_offset = Transform( 1, -2.28629e-07, 1.70799e-07, 2.28629e-07, 0.283613, -0.958938, 1.708e-07, 0.958938, 0.283614, -6.89176e-08, 0.29618, -0.0954311 )

[node name="Physical Bone neck" parent="player_body/Armature/Skeleton" index="7"]
transform = Transform( 1, 1.02595e-11, 2.62263e-06, 3.42197e-07, -0.991454, -0.130477, 2.60021e-06, 0.130477, -0.99145, -1.17093e-06, 2.04746, 1.81662 )
joint_offset = Transform( 1, 0, 0, 0, 1, 0, 0, 0, 1, -3.037e-06, 0.0258407, 1.60447 )
body_offset = Transform( 1, -2.5355e-06, 1.95225e-06, 2.5355e-06, 0.255614, -0.966778, 1.95224e-06, 0.966781, 0.255614, -2.98025e-08, 1.54456, -0.435107 )

[node name="Physical Bone leg_1_l" parent="player_body/Armature/Skeleton" index="8"]
transform = Transform( 0.996067, -0.0885973, 6.19554e-08, 0.0883726, 0.99354, 0.0711881, -0.0063072, -0.0709086, 0.997463, -0.259123, 1.79398, -0.752096 )
joint_offset = Transform( 1, 0, 0, 0, 1, 0, 0, 0, 1, -0.00075567, -0.00848803, 0.446732 )
body_offset = Transform( 0.99261, -0.0830844, -0.0884455, -0.0830843, 0.0659127, -0.994361, 0.0884455, 0.99436, 0.0585221, 0.0395563, 0.44471, -0.0176367 )

[node name="Physical Bone leg_2_l" parent="player_body/Armature/Skeleton" index="9"]
transform = Transform( 0.988611, -0.114835, 0.0972383, 0.116775, 0.993055, -0.0144674, -0.0949011, 0.0256567, 0.995157, -0.407885, 1.81047, -1.81316 )
joint_offset = Transform( 1, 0, 0, 0, 1, 0, 0, 0, 1, 0.0083086, 0.0105072, 0.875452 )
body_offset = Transform( 0.99445, -0.104098, -0.0151631, -0.00459571, 0.101012, -0.994876, 0.105097, 0.989426, 0.0999728, 0.00610587, 0.869943, -0.0987906 )

[node name="Physical Bone leg_1_r" parent="player_body/Armature/Skeleton" index="10"]
transform = Transform( 0.996066, 0.0885969, 1.65909e-09, -0.0884075, 0.993935, 0.0654071, 0.00579479, -0.0651498, 0.997859, 0.287084, 1.78953, -0.756157 )
joint_offset = Transform( 1, 0, 0, 0, 1, 0, 0, 0, 1, 0.000155489, -0.00174746, 0.451117 )
body_offset = Transform( 0.992563, 0.0835945, 0.0884739, 0.0835948, 0.0601719, -0.994682, -0.0884739, 0.994682, 0.0527365, -0.0399203, 0.44881, -0.0220384 )

[node name="Physical Bone leg_2_r" parent="player_body/Armature/Skeleton" index="11"]
transform = Transform( 0.993608, 0.112883, 8.32165e-07, -0.111769, 0.983807, -0.140122, -0.0158173, 0.139226, 0.990133, 0.34371, 1.78397, -1.82259 )
joint_offset = Transform( 1, 0, 0, 0, 1, 0, 0, 0, 1, -0.0167418, 0.147363, 0.867905 )
body_offset = Transform( 0.986933, 0.115013, 0.112847, 0.115013, -0.0123601, -0.993286, -0.112846, 0.993288, -0.0254269, -0.0983661, 0.865825, -0.126195 )

[node name="Physical Bone b_leg_1_l" parent="player_body/Armature/Skeleton" index="12"]
transform = Transform( 0.989944, -0.141448, 6.22364e-05, 0.141038, 0.987036, -0.0765914, 0.0107719, 0.0758309, 0.997061, -0.259935, 0.497916, -0.990167 )
joint_offset = Transform( 1, 0, 0, 0, 1, 0, 0, 0, 1, 0.0143279, 0.0446117, 0.58022 )
body_offset = Transform( 0.981237, -0.131362, -0.141116, -0.131238, 0.0810808, -0.988028, 0.141232, 0.988012, 0.0623203, 0.0736795, 0.571537, -0.0822599 )

[node name="Physical Bone b_leg_2_l" parent="player_body/Armature/Skeleton" index="13"]
transform = Transform( 0.984244, -0.176717, -0.00633638, 0.17463, 0.97701, -0.12229, 0.0278014, 0.119259, 0.992474, -0.366937, 0.541541, -2.04398 )
joint_offset = Transform( 1, 0, 0, 0, 1, 0, 0, 0, 1, 0.0357093, 0.167881, 0.82629 )
body_offset = Transform( 0.948202, -0.299618, -0.10557, -0.299395, -0.731758, -0.612287, 0.1062, 0.612177, -0.783556, 0.103672, 0.639466, 0.540879 )

[node name="Physical Bone b_leg_1_r" parent="player_body/Armature/Skeleton" index="14"]
transform = Transform( 0.989945, 0.141448, 6.24088e-05, -0.140915, 0.986248, -0.0863512, -0.0122752, 0.0854742, 0.996264, 0.279959, 0.494003, -0.98585 )
joint_offset = Transform( 1, 0, 0, 0, 1, 0, 0, 0, 1, -0.00784508, 0.0548354, 0.5751 )
body_offset = Transform( 0.981044, 0.132604, 0.141312, 0.132729, 0.0715182, -0.988568, -0.141195, 0.988585, 0.0525621, -0.0808435, 0.565645, -0.0855455 )

[node name="Physical Bone b_leg_2_r" parent="player_body/Armature/Skeleton" index="15"]
transform = Transform( 0.986872, 0.161484, 0.00130967, -0.160218, 0.980093, -0.117242, -0.0202161, 0.115494, 0.9931, 0.39441, 0.542312, -2.04485 )
joint_offset = Transform( 1, 0, 0, 0, 1, 0, 0, 0, 1, -0.0277456, 0.164356, 0.828127 )
body_offset = Transform( 0.953575, 0.282868, 0.103329, 0.284507, -0.733704, -0.617034, -0.0987263, 0.617788, -0.78012, -0.105603, 0.639465, 0.541762 )

[node name="Physical Bone tail_1" parent="player_body/Armature/Skeleton" index="16"]
transform = Transform( 1, -7.10543e-13, 2.38416e-07, -2.30519e-07, 0.255271, 0.966863, -6.08609e-08, -0.96687, 0.25527, 0.0147703, -0.65921, -0.115394 )
joint_offset = Transform( 1, 0, 0, 0, 1, 0, 0, 0, 1, -2.32176e-08, -0.0298513, 0.637074 )
body_offset = Transform( 1, -2.35761e-07, 2.73916e-07, 2.3576e-07, -0.148897, -0.988846, 2.73919e-07, 0.988857, -0.148897, -1.58325e-07, 0.625523, 0.124377 )

[node name="animTree" parent="player_body" index="2"]
parameters/StateMachine/playback = SubResource( 1 )

[node name="teleportRay" type="RayCast" parent="rotation_helper/camera" index="0"]

[node name="shield" type="Spatial" parent="." index="6"]
transform = Transform( 3.3, 0, 0, 0, 3.3, 0, 0, 0, 3.3, 0, 1.11078, 0.797428 )
script = ExtResource( 7 )

[node name="first" type="MeshInstance" parent="shield" index="0"]
visible = false
cast_shadow = 0
mesh = SubResource( 2 )
material/0 = ExtResource( 5 )

[node name="third" type="MeshInstance" parent="shield" index="1"]
visible = false
cast_shadow = 0
mesh = SubResource( 3 )
material/0 = ExtResource( 5 )

[node name="audi_horn" type="AudioStreamPlayer" parent="sound" index="2"]
volume_db = -6.0

[node name="audi_shield" type="AudioStreamPlayer" parent="sound" index="3"]
stream = ExtResource( 8 )
volume_db = -8.0

[node name="levitation" parent="." index="11" instance=ExtResource( 2 )]
transform = Transform( 1, 0, 0, 0, 1, 0, 0, 0, 1, 1.029, 2.3, -1.777 )
emitting = false
amount = 9
script = ExtResource( 9 )

[node name="rotationHelper" type="Spatial" parent="levitation" index="0"]
transform = Transform( 1, 0, 0, 0, 1, 0, 0, 0, 1, -0.260392, 0, 2.30988 )

[node name="weapons" type="Spatial" parent="levitation/rotationHelper" index="0"]
transform = Transform( 0.7, 0, 0, 0, 0.7, 0, 0, 0, 0.7, 0.43, 0, -2.2 )

[node name="collisionArea" type="Area" parent="levitation/rotationHelper" index="1"]
transform = Transform( 1, 0, 0, 0, 1, 0, 0, 0, 1, 0.260392, 0, -2.30988 )
monitorable = false

[node name="CollisionShape" type="CollisionShape" parent="levitation/rotationHelper/collisionArea" index="0"]
shape = SubResource( 4 )
[connection signal="body_entered" from="levitation/rotationHelper/collisionArea" to="levitation" method="_on_collisionArea_body_entered"]
[connection signal="body_exited" from="levitation/rotationHelper/collisionArea" to="levitation" method="_on_collisionArea_body_exited"]
